0.664477 -0.445500 1
0.532809 -0.596753 1
-0.140018 0.787651 1
0.728969 0.684547 0
0.938734 0.344643 0
-0.635192 -0.486344 1
0.732193 -0.322325 1
-0.037690 0.999289 0
0.686021 0.411552 1
-0.368125 -0.929776 0
0.000000 0.800000 1
0.358707 0.715073 1
-0.766817 0.228015 1
0.951057 -0.309017 0
-0.583175 -0.547638 1
0.797727 0.060261 1
-0.294500 -0.743821 1
-0.414376 -0.910106 0
-0.800000 0.000000 1
0.237633 0.763892 1
-0.428661 -0.675462 1
-0.162637 0.986686 0
0.517645 -0.609954 1
0.349693 0.719524 1
0.754392 -0.266256 1
-0.547638 0.583175 1
-0.743821 0.294500 1
0.212007 -0.977268 0
0.715073 -0.358707 1
0.675333 -0.737513 0
-0.988652 0.150226 0
-0.745941 0.666012 0
0.368125 0.929776 0
0.577573 0.816339 0
0.789349 0.130110 1
-0.857527 0.514440 0
-0.693653 -0.720309 0
0.199710 -0.979855 0
0.547638 0.583175 1
-0.012566 -0.999921 0
-0.763892 -0.237633 1
-0.777305 -0.189199 1
0.893841 0.448383 0
-0.929776 0.368125 0
-0.770513 0.637424 0
0.888136 -0.459580 0
-0.169606 0.781814 1
-0.954865 -0.297042 0
-0.787651 -0.140018 1
0.801567 0.597905 0
-0.863923 0.503623 0
0.778462 0.627691 0
0.414376 0.910106 0
-0.411552 0.686021 1
-0.313099 0.736185 1
-0.175023 -0.984564 0
0.675462 -0.428661 1
0.248690 -0.968583 0
-0.711536 -0.702650 0
0.266256 0.754392 1
0.075327 -0.997159 0
0.792369 -0.110232 1
-0.750987 0.275714 1
-0.622770 -0.502153 1
0.313099 -0.736185 1
0.609954 0.517645 1
0.627691 -0.778462 0
0.951057 0.309017 0
0.723862 -0.340623 1
0.745941 0.666012 0
0.779621 -0.179417 1
-0.332820 0.942991 0
0.635192 0.486344 1
-0.789349 -0.130110 1
0.870184 0.492727 0
0.988652 0.150226 0
-0.425779 -0.904827 0
0.823533 -0.567269 0
-0.297042 -0.954865 0
0.012566 -0.999921 0
-0.997159 -0.075327 0
-0.577573 0.816339 0
0.159768 0.783884 1
-0.070281 -0.796907 1
-0.670022 -0.437115 1
-0.478324 0.641254 1
-0.997159 0.075327 0
-0.794889 -0.090285 1
0.857527 -0.514440 0
-0.647214 -0.470228 1
-0.587785 0.809017 0
-0.781814 0.169606 1
0.297042 -0.954865 0
-0.635192 0.486344 1
0.218362 -0.769622 1
0.915241 0.402906 0
0.863923 -0.503623 0
0.999921 0.012566 0
0.437115 -0.670022 1
0.060261 -0.797727 1
-0.947098 0.320944 0
-0.747463 0.285130 1
-0.448383 0.893841 0
-0.140018 -0.787651 1
0.962028 -0.272952 0
-0.680796 0.420140 1
-0.596753 -0.532809 1
0.481754 0.876307 0
-0.844328 -0.535827 0
-0.627691 0.778462 0
-0.745941 -0.666012 0
0.376563 0.705833 1
0.100267 0.793692 1
0.942991 0.332820 0
-0.971632 0.236499 0
-0.062791 0.998027 0
-0.420140 -0.680796 1
-0.737513 0.675333 0
-0.010053 -0.799937 1
-0.793990 -0.607930 0
-0.590010 -0.540266 1
0.590010 0.540266 1
-0.509939 -0.616411 1
0.696147 0.394182 1
-0.569229 -0.562120 1
0.693653 0.720309 0
0.617860 -0.786288 0
-0.999684 0.025130 0
-0.198952 0.774867 1
0.684547 0.728969 0
0.198952 -0.774867 1
-0.248690 -0.968583 0
-0.540266 -0.590010 1
0.080289 0.795961 1
-0.816339 -0.577573 0
-0.893841 -0.448383 0
-0.675333 0.737513 0
0.554923 -0.576247 1
-0.616411 -0.509939 1
0.391374 0.920232 0
0.236499 0.971632 0
0.823533 0.567269 0
-0.962028 -0.272952 0
0.212007 0.977268 0
0.982287 -0.187381 0
0.110232 -0.792369 1
0.437116 0.899405 0
0.783884 0.159768 1
0.428661 -0.675462 1
0.629031 -0.494288 1
0.402906 0.915241 0
-0.224271 0.974527 0
0.762443 0.647056 0
0.437116 -0.899405 0
-0.159768 0.783884 1
-0.998737 -0.050244 0
0.320944 0.947098 0
-0.863923 -0.503623 0
-0.977268 -0.212007 0
0.999921 -0.012566 0
0.680796 -0.420140 1
-0.942991 0.332820 0
-0.732193 0.322325 1
0.988652 -0.150226 0
0.999289 0.037690 0
0.303823 -0.740062 1
-0.110232 -0.792369 1
0.793692 -0.100267 1
-0.385403 0.701045 1
0.647214 -0.470228 1
0.502153 0.622770 1
-0.629031 -0.494288 1
0.445500 0.664477 1
0.349693 -0.719524 1
-0.112856 0.993611 0
0.965382 0.260842 0
-0.080289 0.795961 1
0.760845 -0.247214 1
-0.929776 -0.368125 0
-0.998737 0.050244 0
0.793692 0.100267 1
-0.428661 0.675462 1
0.470704 -0.882291 0
-0.025130 0.999684 0
0.789349 -0.130110 1
0.070281 -0.796907 1
0.546394 0.837528 0
0.137790 -0.990461 0
0.954865 -0.297042 0
0.567269 -0.823533 0
0.198952 0.774867 1
-0.577573 -0.816339 0
-0.799747 0.020104 1
0.137790 0.990461 0
-0.769622 -0.218362 1
0.675333 0.737513 0
0.576247 0.554923 1
0.140018 -0.787651 1
-0.796907 0.070281 1
0.448383 -0.893841 0
-0.567269 0.823533 0
-0.754392 -0.266256 1
0.494288 0.629031 1
0.647056 0.762443 0
0.786288 -0.617860 0
-0.087851 -0.996134 0
0.968583 0.248690 0
-0.779621 0.179417 1
0.925077 -0.379779 0
0.863923 0.503623 0
-0.583175 0.547638 1
-0.794889 0.090285 1
-0.502153 0.622770 1
-0.199710 0.979855 0
-0.797727 0.060261 1
-0.576247 -0.554923 1
0.974527 0.224271 0
-0.576247 0.554923 1
-0.285019 0.958522 0
-0.675462 -0.428661 1
-0.996134 0.087851 0
0.179417 0.779621 1
0.394182 0.696147 1
0.977268 -0.212007 0
0.947098 0.320944 0
0.774867 0.198952 1
0.747463 0.285130 1
0.666012 0.745941 0
0.587785 0.809017 0
-0.546394 -0.837528 0
-0.680796 -0.420140 1
-0.060261 0.797727 1
-0.772305 -0.208673 1
-0.942991 -0.332820 0
0.100267 -0.793692 1
-0.888136 0.459580 0
0.459580 -0.888136 0
0.837528 -0.546394 0
-0.915241 0.402906 0
0.637424 0.770513 0
0.757679 -0.256755 1
0.208673 0.772305 1
-0.799432 -0.030152 1
0.478324 0.641254 1
0.478324 -0.641254 1
-0.597905 -0.801567 0
0.125333 0.992115 0
0.979855 -0.199710 0
-0.998027 0.062791 0
0.910106 0.414376 0
-0.379779 -0.925077 0
-0.728085 0.331500 1
-0.779621 -0.179417 1
-0.696147 0.394182 1
-0.547638 -0.583175 1
-0.025130 -0.999684 0
-0.525269 -0.603401 1
-0.785830 0.149905 1
0.385403 0.701045 1
0.087851 -0.996134 0
0.189199 0.777305 1
-0.199710 -0.979855 0
-0.799432 0.030152 1
-0.320944 0.947098 0
-0.175023 0.984564 0
0.737513 -0.675333 0
0.754392 0.266256 1
0.070281 0.796907 1
0.517645 0.609954 1
0.795961 -0.080289 1
0.425779 -0.904827 0
0.470228 -0.647214 1
0.763892 0.237633 1
-0.666012 -0.745941 0
0.670022 0.437115 1
-0.502153 -0.622770 1
0.750987 -0.275714 1
0.020104 0.799747 1
-0.030152 -0.799432 1
-0.525175 0.850994 0
0.169606 0.781814 1
0.266256 -0.754392 1
0.664477 0.445500 1
-0.958522 -0.285019 0
0.583175 0.547638 1
0.769622 -0.218362 1
0.799937 0.010053 1
0.556876 0.830596 0
0.112856 -0.993611 0
-0.998027 -0.062791 0
0.012566 0.999921 0
-0.747463 -0.285130 1
-0.904827 0.425779 0
-0.050232 -0.798421 1
0.179417 -0.779621 1
-0.385403 -0.701045 1
0.938734 -0.344643 0
-0.778462 0.627691 0
0.720309 0.693653 0
-0.492727 0.870184 0
0.294500 -0.743821 1
0.998737 -0.050244 0
-0.478324 -0.641254 1
0.462058 -0.653071 1
0.658826 -0.453815 1
0.546394 -0.837528 0
-0.670022 0.437115 1
-0.719524 -0.349693 1
0.986686 0.162637 0
0.285130 0.747463 1
-0.331500 -0.728085 1
-0.844328 0.535827 0
-0.958522 0.285019 0
0.402899 0.691139 1
-0.999684 -0.025130 0
0.769622 0.218362 1
-0.554923 -0.576247 1
-0.010053 0.799937 1
0.979855 0.199710 0
0.750987 0.275714 1
0.783884 -0.159768 1
-0.137790 -0.990461 0
-0.696147 -0.394182 1
0.641254 -0.478324 1
0.799747 -0.020104 1
-0.899405 -0.437116 0
0.050232 -0.798421 1
0.693653 -0.720309 0
-0.705833 -0.376563 1
-0.607930 0.793990 0
0.997159 -0.075327 0
0.237633 -0.763892 1
0.899405 -0.437116 0
0.175023 0.984564 0
0.187381 -0.982287 0
0.793990 0.607930 0
0.420140 -0.680796 1
0.934329 0.356412 0
0.974527 -0.224271 0
-0.993611 0.112856 0
-0.112856 -0.993611 0
-0.653071 0.462058 1
0.702650 -0.711536 0
0.616411 0.509939 1
-0.100362 -0.994951 0
0.332820 -0.942991 0
0.224271 -0.974527 0
0.670022 -0.437115 1
-0.332820 -0.942991 0
-0.402899 -0.691139 1
0.297042 0.954865 0
-0.130110 0.789349 1
0.850994 0.525175 0
0.503623 -0.863923 0
0.962028 0.272952 0
0.590010 -0.540266 1
0.641254 0.478324 1
-0.000000 -1.000000 0
0.790921 0.120180 1
0.025130 -0.999684 0
-0.982287 0.187381 0
-0.266256 -0.754392 1
-0.766817 -0.228015 1
-0.641254 -0.478324 1
-0.492727 -0.870184 0
-0.344643 0.938734 0
0.540266 -0.590010 1
-0.754251 -0.656586 0
0.260842 -0.965382 0
0.603401 0.525269 1
0.993611 0.112856 0
0.691139 -0.402899 1
0.150226 0.988652 0
-0.691139 -0.402899 1
0.532809 0.596753 1
0.525175 0.850994 0
0.080289 -0.795961 1
0.385403 -0.701045 1
0.303823 0.740062 1
-0.060261 -0.797727 1
0.736185 0.313099 1
0.120180 0.790921 1
-0.525269 0.603401 1
0.999289 -0.037690 0
0.367664 -0.710509 1
0.169606 -0.781814 1
0.010053 -0.799937 1
-0.719524 0.349693 1
0.130110 0.789349 1
0.705833 0.376563 1
-0.795961 -0.080289 1
0.189199 -0.777305 1
0.256755 0.757679 1
-0.792369 0.110232 1
-0.723862 -0.340623 1
-0.616411 0.509939 1
-0.609954 -0.517645 1
-0.411552 -0.686021 1
-0.356412 -0.934329 0
0.777305 -0.189199 1
0.982287 0.187381 0
0.999684 -0.025130 0
-0.437115 0.670022 1
-0.999921 0.012566 0
-0.437116 0.899405 0
-0.870184 0.492727 0
-0.609954 0.517645 1
-0.402899 0.691139 1
-0.453815 -0.658826 1
-0.285130 0.747463 1
0.425779 0.904827 0
-0.358707 0.715073 1
-0.793692 0.100267 1
0.050232 0.798421 1
0.576247 -0.554923 1
-0.556876 -0.830596 0
-0.532809 -0.596753 1
-0.285130 -0.747463 1
-0.198952 -0.774867 1
-0.778462 -0.627691 0
-0.100267 -0.793692 1
-0.988652 -0.150226 0
-0.218362 0.769622 1
0.562120 0.569229 1
0.020104 -0.799747 1
0.294500 0.743821 1
0.899405 0.437116 0
-0.798990 0.040195 1
0.830596 -0.556876 0
0.309017 -0.951057 0
0.208673 -0.772305 1
0.486344 -0.635192 1
-0.837528 -0.546394 0
0.710509 0.367664 1
0.236499 -0.971632 0
-0.556876 0.830596 0
0.740062 -0.303823 1
0.996134 -0.087851 0
-0.179417 -0.779621 1
0.915241 -0.402906 0
-0.607930 -0.793990 0
0.275714 0.750987 1
-0.796907 -0.070281 1
0.411552 -0.686021 1
0.799432 0.030152 1
-0.728969 -0.684547 0
-0.509939 0.616411 1
-0.596753 0.532809 1
0.904827 0.425779 0
-0.760845 0.247214 1
0.799432 -0.030152 1
0.770513 0.637424 0
0.272952 0.962028 0
-0.799747 -0.020104 1
0.332820 0.942991 0
-0.208673 -0.772305 1
-0.535827 -0.844328 0
-0.793692 -0.100267 1
0.218362 0.769622 1
-0.641254 0.478324 1
-0.830596 0.556876 0
0.149905 -0.785830 1
-0.303823 0.740062 1
0.844328 -0.535827 0
-0.705833 0.376563 1
0.816339 0.577573 0
0.876307 0.481754 0
-0.728085 -0.331500 1
0.792369 0.110232 1
0.050244 -0.998737 0
-0.100267 0.793692 1
-0.772305 0.208673 1
0.525269 -0.603401 1
0.379779 -0.925077 0
-0.984564 0.175023 0
-0.982287 -0.187381 0
0.494288 -0.629031 1
-0.212007 0.977268 0
0.414376 -0.910106 0
0.150226 -0.988652 0
0.998027 0.062791 0
0.569229 0.562120 1
0.030152 -0.799432 1
0.754251 0.656586 0
0.428661 0.675462 1
0.228015 0.766817 1
-0.977268 0.212007 0
0.997159 0.075327 0
-0.882291 0.470704 0
0.309017 0.951057 0
0.187381 0.982287 0
-0.050244 0.998737 0
-0.830596 -0.556876 0
0.159768 -0.783884 1
-0.999289 0.037690 0
0.367664 0.710509 1
0.437115 0.670022 1
-0.720309 0.693653 0
0.728085 0.331500 1
0.535827 -0.844328 0
-0.137790 0.990461 0
-0.462058 0.653071 1
-0.622770 0.502153 1
-0.795961 0.080289 1
-0.720309 -0.693653 0
0.087851 0.996134 0
0.037690 0.999289 0
0.140018 0.787651 1
-0.656586 -0.754251 0
-0.715073 -0.358707 1
0.965382 -0.260842 0
0.984564 0.175023 0
-0.272952 0.962028 0
-0.358707 -0.715073 1
-0.754251 0.656586 0
0.199710 0.979855 0
0.996134 0.087851 0
0.149905 0.785830 1
0.040195 -0.798990 1
-0.394182 -0.696147 1
-0.179417 0.779621 1
-0.525175 -0.850994 0
-0.120180 -0.790921 1
0.747463 -0.285130 1
-0.799937 0.010053 1
-0.740062 0.303823 1
-0.514440 -0.857527 0
-0.189199 -0.777305 1
0.882291 0.470704 0
0.025130 0.999684 0
0.785830 0.149905 1
0.796907 -0.070281 1
0.719524 0.349693 1
-0.313099 -0.736185 1
-0.910106 0.414376 0
0.597905 -0.801567 0
-0.686021 -0.411552 1
-0.228015 0.766817 1
0.798990 -0.040195 1
0.356412 -0.934329 0
-0.934329 -0.356412 0
0.554923 0.576247 1
-0.798990 -0.040195 1
0.785830 -0.149905 1
0.040195 0.798990 1
0.653071 0.462058 1
-0.294500 0.743821 1
-0.187381 0.982287 0
-0.218362 -0.769622 1
-0.445500 0.664477 1
-0.597905 0.801567 0
0.509939 0.616411 1
-0.658826 0.453815 1
-0.781814 -0.169606 1
0.285019 -0.958522 0
-0.248690 0.968583 0
0.356412 0.934329 0
-0.736185 -0.313099 1
0.778462 -0.627691 0
0.772305 -0.208673 1
-0.951057 0.309017 0
-0.974527 -0.224271 0
0.777305 0.189199 1
-0.000000 -0.800000 1
0.711536 -0.702650 0
0.256755 -0.757679 1
0.971632 -0.236499 0
0.547638 -0.583175 1
0.247214 0.760845 1
-0.391374 0.920232 0
0.090285 -0.794889 1
-0.320944 -0.947098 0
-0.947098 -0.320944 0
0.100362 0.994951 0
-0.340623 0.723862 1
-0.938734 0.344643 0
0.622770 0.502153 1
-0.212007 -0.977268 0
-0.762443 0.647056 0
-0.309017 -0.951057 0
-0.394182 0.696147 1
0.010053 0.799937 1
-0.801567 -0.597905 0
0.567269 0.823533 0
0.691139 0.402899 1
-0.617860 0.786288 0
-0.486344 -0.635192 1
0.796907 0.070281 1
0.569229 -0.562120 1
-0.150226 -0.988652 0
-0.517645 0.609954 1
0.379779 0.925077 0
-0.535827 0.844328 0
-0.448383 -0.893841 0
-0.087851 0.996134 0
-0.110232 0.792369 1
-0.675333 -0.737513 0
0.795961 0.080289 1
0.781814 -0.169606 1
-0.837528 0.546394 0
0.228015 -0.766817 1
-0.789349 0.130110 1
-0.736185 0.313099 1
0.062791 0.998027 0
-0.992115 0.125333 0
0.285130 -0.747463 1
-0.090285 -0.794889 1
0.162637 -0.986686 0
0.470704 0.882291 0
-0.309017 0.951057 0
-0.437116 -0.899405 0
-0.823533 0.567269 0
0.647214 0.470228 1
0.030152 0.799432 1
-0.798421 -0.050232 1
-0.075327 0.997159 0
0.448383 0.893841 0
0.743821 -0.294500 1
0.857527 0.514440 0
-0.992115 -0.125333 0
-0.349693 -0.719524 1
0.779621 0.179417 1
0.876307 -0.481754 0
-0.743821 -0.294500 1
0.786288 0.617860 0
-0.658826 -0.453815 1
-0.990461 0.137790 0
-0.882291 -0.470704 0
0.344643 -0.938734 0
0.992115 -0.125333 0
-0.653071 -0.462058 1
-0.737513 -0.675333 0
-0.425779 0.904827 0
0.376563 -0.705833 1
0.986686 -0.162637 0
-0.792369 -0.110232 1
-0.816339 0.577573 0
-0.974527 0.224271 0
0.684547 -0.728969 0
0.736185 -0.313099 1
-0.857527 -0.514440 0
-0.070281 0.796907 1
-0.030152 0.799432 1
0.609954 -0.517645 1
-0.994951 0.100362 0
-0.297042 0.954865 0
0.850994 -0.525175 0
0.453815 -0.658826 1
-0.236499 0.971632 0
0.844328 0.535827 0
-0.514440 0.857527 0
-0.801567 0.597905 0
-0.732193 -0.322325 1
0.344643 0.938734 0
-0.322325 -0.732193 1
0.627691 0.778462 0
-0.993611 -0.112856 0
-0.664477 -0.445500 1
0.710509 -0.367664 1
-0.691139 0.402899 1
0.616411 -0.509939 1
-0.684547 0.728969 0
0.994951 -0.100362 0
0.597905 0.801567 0
0.800000 0.000000 1
0.617860 0.786288 0
-0.247214 0.760845 1
0.990461 -0.137790 0
-0.391374 -0.920232 0
0.680796 0.420140 1
0.462058 0.653071 1
-0.130110 -0.789349 1
0.925077 0.379779 0
-0.656586 0.754251 0
0.763892 -0.237633 1
-0.540266 0.590010 1
0.492727 -0.870184 0
0.984564 -0.175023 0
-0.275714 0.750987 1
0.790921 -0.120180 1
0.224271 0.974527 0
-0.647056 -0.762443 0
0.766817 -0.228015 1
-0.783884 -0.159768 1
-0.965382 -0.260842 0
-0.356412 0.934329 0
0.162637 0.986686 0
-0.236499 -0.971632 0
0.743821 0.294500 1
0.801567 -0.597905 0
-0.728969 0.684547 0
0.411552 0.686021 1
-0.790921 -0.120180 1
0.260842 0.965382 0
0.587785 -0.809017 0
0.313099 0.736185 1
-0.275714 -0.750987 1
-0.340623 -0.723862 1
-0.968583 0.248690 0
-0.996134 -0.087851 0
0.062791 -0.998027 0
-0.823533 -0.567269 0
0.770513 -0.637424 0
0.702650 0.711536 0
0.993611 -0.112856 0
-0.925077 -0.379779 0
0.481754 -0.876307 0
-0.750987 -0.275714 1
-0.627691 -0.778462 0
-0.379779 0.925077 0
-0.666012 0.745941 0
-0.876307 0.481754 0
0.999684 0.025130 0
-0.237633 0.763892 1
-0.075327 -0.997159 0
-0.603401 -0.525269 1
0.958522 -0.285019 0
0.596753 -0.532809 1
-0.012566 0.999921 0
-0.647056 0.762443 0
-0.169606 -0.781814 1
-0.120180 0.790921 1
-0.062791 -0.998027 0
0.977268 0.212007 0
-0.149905 -0.785830 1
-0.040195 0.798990 1
0.509939 -0.616411 1
0.540266 0.590010 1
-0.090285 0.794889 1
-0.367664 -0.710509 1
0.420140 0.680796 1
-0.402906 -0.915241 0
-0.486344 0.635192 1
0.701045 0.385403 1
0.514440 -0.857527 0
0.737513 0.675333 0
0.514440 0.857527 0
0.629031 0.494288 1
-0.349693 0.719524 1
-0.040195 -0.798990 1
-0.150226 0.988652 0
-0.532809 0.596753 1
-0.272952 -0.962028 0
0.809017 0.587785 0
-0.037690 -0.999289 0
-0.187381 -0.982287 0
-0.100362 0.994951 0
0.998027 -0.062791 0
0.391374 -0.920232 0
0.525269 0.603401 1
-0.020104 -0.799747 1
-0.080289 -0.795961 1
0.934329 -0.356412 0
0.794889 -0.090285 1
0.285019 0.958522 0
0.112856 0.993611 0
0.798990 0.040195 1
0.331500 -0.728085 1
0.607930 0.793990 0
0.798421 0.050232 1
-0.762443 -0.647056 0
0.247214 -0.760845 1
-0.189199 0.777305 1
0.248690 0.968583 0
-0.774867 0.198952 1
-0.986686 0.162637 0
-0.266256 0.754392 1
0.402906 -0.915241 0
-0.870184 -0.492727 0
0.445500 -0.664477 1
-0.554923 0.576247 1
0.130110 -0.789349 1
-0.414376 0.910106 0
-0.453815 0.658826 1
-0.809017 -0.587785 0
-0.888136 -0.459580 0
0.799937 -0.010053 1
0.888136 0.459580 0
-0.797727 -0.060261 1
0.647056 -0.762443 0
-0.445500 -0.664477 1
0.696147 -0.394182 1
0.037690 -0.999289 0
0.322325 -0.732193 1
-0.710509 0.367664 1
-0.783884 0.159768 1
-0.481754 -0.876307 0
-0.920232 -0.391374 0
0.799747 0.020104 1
0.503623 0.863923 0
-0.925077 0.379779 0
0.757679 0.256755 1
0.090285 0.794889 1
-0.702650 0.711536 0
-0.149905 0.785830 1
0.622770 -0.502153 1
-0.376563 -0.705833 1
0.358707 -0.715073 1
0.705833 -0.376563 1
-0.701045 0.385403 1
